60
1 -594.000000 393.000000
1 -581.000000 393.000000
1 -567.000000 394.000000
1 -557.000000 391.000000
1 -547.000000 392.000000
1 -537.000000 391.000000
1 -522.000000 389.000000
1 -505.000000 389.000000
1 -477.000000 391.000000
1 -457.000000 388.000000
1 -443.000000 386.000000
1 -425.000000 387.000000
1 -401.000000 386.000000
1 -371.000000 386.000000
1 -348.000000 387.000000
1 -309.000000 388.000000
1 -268.000000 386.000000
1 -223.000000 385.000000
1 -191.000000 386.000000
1 -160.000000 386.000000
1 -126.000000 387.000000
1 -89.000000 385.000000
1 -60.000000 375.000000
1 -37.000000 386.000000
1 -13.000000 376.000000
1 -3.000000 358.000000
1 21.000000 370.000000
1 39.000000 392.000000
1 57.000000 386.000000
1 71.000000 368.000000
1 82.000000 356.000000
1 105.000000 385.000000
1 152.000000 381.000000
1 214.000000 376.000000
1 243.000000 364.000000
1 285.000000 392.000000
1 317.000000 384.000000
1 333.000000 368.000000
1 234.000000 352.000000
1 170.000000 357.000000
1 142.000000 356.000000
1 145.000000 337.000000
1 274.000000 329.000000
1 336.000000 335.000000
1 409.000000 341.000000
1 436.000000 362.000000
1 449.000000 386.000000
1 384.000000 372.000000
1 366.000000 350.000000
1 357.000000 351.000000
1 415.000000 377.000000
1 480.000000 349.000000
1 518.000000 347.000000
1 545.000000 377.000000
1 498.000000 373.000000
1 466.000000 345.000000
1 566.000000 364.000000
1 588.000000 373.000000
1 585.000000 338.000000
1 558.000000 324.000000
24
1 226.000000 307.000000
1 368.000000 363.000000
1 442.000000 373.000000
1 471.000000 353.000000
1 329.000000 351.000000
1 271.000000 359.000000
1 346.000000 392.000000
1 439.000000 367.000000
1 505.000000 345.000000
1 546.000000 385.000000
1 548.000000 366.000000
1 546.000000 328.000000
1 396.000000 336.000000
1 262.000000 346.000000
1 183.000000 368.000000
1 223.000000 394.000000
1 235.000000 369.000000
1 155.000000 337.000000
1 79.000000 356.000000
1 19.000000 379.000000
1 -14.000000 355.000000
1 -37.000000 329.000000
1 -61.000000 339.000000
1 -63.000000 380.000000
40
1 61.000000 367.000000
1 109.000000 350.000000
1 152.000000 341.000000
1 213.000000 383.000000
1 300.000000 378.000000
1 364.000000 350.000000
1 402.000000 336.000000
1 452.000000 368.000000
1 515.000000 389.000000
1 550.000000 363.000000
1 562.000000 329.000000
1 582.000000 342.000000
1 585.000000 372.000000
1 548.000000 355.000000
1 507.000000 331.000000
1 446.000000 337.000000
1 418.000000 372.000000
1 406.000000 371.000000
1 361.000000 334.000000
1 287.000000 326.000000
1 224.000000 365.000000
1 205.000000 369.000000
1 98.000000 331.000000
1 56.000000 361.000000
1 131.000000 376.000000
1 155.000000 336.000000
1 36.000000 333.000000
1 5.000000 377.000000
1 -25.000000 351.000000
1 -33.000000 325.000000
1 50.000000 332.000000
1 52.000000 360.000000
1 22.000000 344.000000
1 -5.000000 336.000000
1 -39.000000 366.000000
1 -74.000000 355.000000
1 -78.000000 341.000000
1 -52.000000 382.000000
1 -20.000000 393.000000
1 29.000000 367.000000
2
2 597.000000 203.000000
1 -599.000000 182.000000
2
1 510.000000 0.000000
2 -510.000000 0.000000
