17
1 -272.000000 -125.000000
1 -165.000000 -200.000000
1 -24.000000 -101.000000
1 -69.000000 -62.000000
1 -220.000000 -222.000000
1 -173.000000 -297.000000
1 47.000000 -280.000000
1 93.000000 -177.000000
1 57.000000 -42.000000
1 -90.000000 -40.000000
1 -124.000000 -202.000000
1 -16.000000 -311.000000
1 8.000000 -361.000000
1 -190.000000 -326.000000
1 -284.000000 -150.000000
1 -220.000000 -47.000000
1 -217.000000 -15.000000
12
1 -244.000000 -77.000000
1 -131.000000 -135.000000
1 -28.000000 -129.000000
1 37.000000 -55.000000
1 89.000000 -100.000000
1 120.000000 -207.000000
1 -112.000000 -299.000000
1 -306.000000 -268.000000
1 -407.000000 -127.000000
1 -279.000000 -19.000000
1 -268.000000 -16.000000
1 -366.000000 -37.000000
0
0
