44
1 -391.000000 349.000000
1 -320.000000 349.000000
1 -219.000000 346.000000
1 -248.000000 280.000000
1 -436.000000 243.000000
1 -477.000000 176.000000
1 -404.000000 137.000000
1 -298.000000 166.000000
1 -281.000000 265.000000
1 -357.000000 275.000000
1 -309.000000 195.000000
1 -156.000000 168.000000
1 -100.000000 293.000000
1 -201.000000 285.000000
1 -244.000000 138.000000
1 -417.000000 96.000000
1 -465.000000 289.000000
1 -320.000000 343.000000
1 -134.000000 295.000000
1 -114.000000 186.000000
1 -278.000000 108.000000
1 -264.000000 226.000000
1 -117.000000 172.000000
1 -69.000000 236.000000
1 -182.000000 146.000000
1 -337.000000 79.000000
1 -407.000000 183.000000
1 -357.000000 248.000000
1 -292.000000 264.000000
1 -492.000000 283.000000
1 -529.000000 175.000000
1 -549.000000 75.000000
1 -451.000000 35.000000
1 -330.000000 197.000000
1 -336.000000 303.000000
1 -388.000000 335.000000
1 -456.000000 328.000000
1 -377.000000 364.000000
1 -250.000000 366.000000
1 -115.000000 355.000000
1 -30.000000 327.000000
1 -26.000000 266.000000
1 -71.000000 203.000000
1 -173.000000 165.000000
12
1 -446.000000 318.000000
1 -458.000000 266.000000
1 -448.000000 192.000000
1 -429.000000 128.000000
1 -393.000000 52.000000
1 -319.000000 32.000000
1 -218.000000 44.000000
1 -91.000000 52.000000
1 -26.000000 60.000000
1 -53.000000 121.000000
1 -203.000000 202.000000
1 -293.000000 214.000000
24
1 -499.000000 148.000000
1 -518.000000 118.000000
1 -473.000000 190.000000
1 -369.000000 241.000000
1 -259.000000 246.000000
1 -133.000000 273.000000
1 -41.000000 226.000000
1 -166.000000 153.000000
1 -166.000000 215.000000
1 -82.000000 218.000000
1 -17.000000 211.000000
1 -154.000000 329.000000
1 -260.000000 195.000000
1 -394.000000 144.000000
1 -234.000000 335.000000
1 -68.000000 180.000000
1 -138.000000 76.000000
1 -281.000000 77.000000
1 -150.000000 233.000000
1 -66.000000 162.000000
1 -161.000000 89.000000
1 -289.000000 126.000000
1 -182.000000 247.000000
1 -140.000000 183.000000
24
1 -426.000000 252.000000
1 -365.000000 180.000000
1 -240.000000 194.000000
1 -154.000000 278.000000
1 -64.000000 333.000000
1 -6.000000 340.000000
1 18.000000 242.000000
1 -38.000000 155.000000
1 -114.000000 61.000000
1 -181.000000 23.000000
1 -248.000000 98.000000
2 -437.000000 320.000000
2 -476.000000 214.000000
2 -486.000000 125.000000
2 -380.000000 55.000000
2 -199.000000 33.000000
2 -49.000000 98.000000
2 -13.000000 147.000000
2 -95.000000 211.000000
2 -112.000000 130.000000
2 -240.000000 166.000000
2 -324.000000 256.000000
2 -246.000000 280.000000
2 -186.000000 307.000000
2
2 -549.000000 334.000000
1 39.000000 301.000000
