750
1 -473.000000 0.000000
1 -473.000000 13.000000
1 -473.000000 25.000000
1 -473.000000 42.000000
1 -475.000000 93.000000
1 -475.000000 62.000000
1 -468.000000 110.000000
1 -466.000000 130.000000
1 -458.000000 147.000000
1 -444.000000 165.000000
1 -429.000000 175.000000
1 -393.000000 187.000000
1 -376.000000 182.000000
1 -351.000000 203.000000
1 -333.000000 209.000000
1 -323.000000 203.000000
1 -299.000000 203.000000
1 -287.000000 223.000000
1 -268.000000 207.000000
1 -261.000000 197.000000
1 -240.000000 217.000000
1 -224.000000 224.000000
1 -208.000000 205.000000
1 -196.000000 204.000000
1 -170.000000 218.000000
1 -149.000000 206.000000
1 -138.000000 197.000000
1 -124.000000 221.000000
1 -105.000000 222.000000
1 -83.000000 212.000000
1 -81.000000 202.000000
1 -104.000000 203.000000
1 -68.000000 222.000000
1 -52.000000 220.000000
1 -22.000000 199.000000
1 -15.000000 219.000000
1 -27.000000 219.000000
1 -28.000000 210.000000
1 -34.000000 216.000000
1 0.000000 217.000000
1 19.000000 228.000000
1 71.000000 237.000000
1 82.000000 228.000000
1 127.000000 220.000000
1 161.000000 224.000000
1 186.000000 239.000000
1 207.000000 245.000000
1 243.000000 247.000000
1 265.000000 240.000000
1 287.000000 234.000000
1 318.000000 228.000000
1 350.000000 224.000000
1 385.000000 225.000000
1 411.000000 236.000000
1 475.000000 0.000000
1 445.000000 245.000000
1 464.000000 239.000000
1 393.000000 230.000000
1 424.000000 210.000000
1 452.000000 189.000000
1 474.000000 168.000000
1 482.000000 135.000000
1 484.000000 102.000000
1 488.000000 49.000000
1 481.000000 21.000000
1 477.000000 77.000000
1 -564.000000 12.000000
1 -540.000000 21.000000
1 -542.000000 42.000000
1 -512.000000 52.000000
1 -498.000000 30.000000
1 -493.000000 21.000000
1 -504.000000 83.000000
1 -515.000000 82.000000
1 -532.000000 58.000000
1 -565.000000 41.000000
1 -577.000000 69.000000
1 -550.000000 97.000000
1 -517.000000 120.000000
1 -488.000000 139.000000
1 -492.000000 148.000000
1 -520.000000 146.000000
1 -552.000000 158.000000
1 -566.000000 199.000000
1 -506.000000 187.000000
1 -485.000000 192.000000
1 -490.000000 215.000000
1 -514.000000 218.000000
1 -536.000000 249.000000
1 -502.000000 249.000000
1 -432.000000 227.000000
1 -417.000000 225.000000
1 -381.000000 242.000000
1 -364.000000 242.000000
1 -433.000000 214.000000
1 -465.000000 200.000000
1 -480.000000 205.000000
1 -484.000000 241.000000
1 -508.000000 267.000000
1 -541.000000 291.000000
1 -561.000000 299.000000
1 -530.000000 322.000000
1 -503.000000 316.000000
1 -515.000000 353.000000
1 -528.000000 372.000000
1 -459.000000 363.000000
1 -434.000000 327.000000
1 -445.000000 271.000000
1 -425.000000 264.000000
1 -405.000000 290.000000
1 -412.000000 306.000000
1 -431.000000 293.000000
1 -428.000000 300.000000
1 -379.000000 323.000000
1 -343.000000 296.000000
1 -342.000000 268.000000
1 -371.000000 226.000000
1 -360.000000 220.000000
1 -334.000000 216.000000
1 -288.000000 245.000000
1 -272.000000 261.000000
1 -311.000000 261.000000
1 -311.000000 285.000000
1 -289.000000 303.000000
1 -275.000000 322.000000
1 -304.000000 315.000000
1 -330.000000 311.000000
1 -303.000000 357.000000
1 -278.000000 363.000000
1 -287.000000 312.000000
1 -294.000000 270.000000
1 -281.000000 259.000000
1 -238.000000 344.000000
1 -239.000000 316.000000
1 -266.000000 259.000000
1 -274.000000 231.000000
1 -236.000000 278.000000
1 -191.000000 346.000000
1 -172.000000 353.000000
1 -216.000000 297.000000
1 -253.000000 230.000000
1 -228.000000 256.000000
1 -177.000000 321.000000
1 -152.000000 341.000000
1 -151.000000 323.000000
1 -189.000000 281.000000
1 -213.000000 254.000000
1 -223.000000 226.000000
1 -181.000000 242.000000
1 -143.000000 299.000000
1 -102.000000 349.000000
1 -92.000000 346.000000
1 -128.000000 316.000000
1 -138.000000 305.000000
1 -116.000000 339.000000
1 -109.000000 318.000000
1 -150.000000 252.000000
1 -163.000000 226.000000
1 -140.000000 237.000000
1 -110.000000 273.000000
1 -68.000000 337.000000
1 -53.000000 341.000000
1 -60.000000 310.000000
1 -82.000000 277.000000
1 -88.000000 253.000000
1 -65.000000 257.000000
1 -34.000000 321.000000
1 -14.000000 342.000000
1 -4.000000 326.000000
1 -33.000000 273.000000
1 -54.000000 239.000000
1 -40.000000 242.000000
1 7.000000 308.000000
1 49.000000 349.000000
1 40.000000 315.000000
1 8.000000 266.000000
1 -2.000000 241.000000
1 41.000000 280.000000
1 69.000000 350.000000
1 75.000000 348.000000
1 55.000000 296.000000
1 36.000000 257.000000
1 13.000000 266.000000
1 13.000000 306.000000
1 21.000000 338.000000
1 -14.000000 299.000000
1 -31.000000 273.000000
1 37.000000 316.000000
1 108.000000 356.000000
1 117.000000 347.000000
1 72.000000 313.000000
1 50.000000 291.000000
1 120.000000 328.000000
1 89.000000 293.000000
1 75.000000 266.000000
1 111.000000 318.000000
1 140.000000 330.000000
1 129.000000 283.000000
1 109.000000 255.000000
1 101.000000 241.000000
1 113.000000 294.000000
1 142.000000 321.000000
1 172.000000 343.000000
1 164.000000 302.000000
1 138.000000 263.000000
1 130.000000 243.000000
1 171.000000 266.000000
1 193.000000 310.000000
1 211.000000 336.000000
1 189.000000 276.000000
1 163.000000 255.000000
1 166.000000 247.000000
1 180.000000 320.000000
1 181.000000 330.000000
1 204.000000 316.000000
1 172.000000 268.000000
1 219.000000 311.000000
1 226.000000 291.000000
1 216.000000 288.000000
1 233.000000 310.000000
1 277.000000 308.000000
1 254.000000 272.000000
1 244.000000 255.000000
1 283.000000 268.000000
1 337.000000 303.000000
1 331.000000 286.000000
1 313.000000 257.000000
1 352.000000 261.000000
1 381.000000 287.000000
1 362.000000 270.000000
1 329.000000 250.000000
1 338.000000 266.000000
1 364.000000 289.000000
1 397.000000 312.000000
1 416.000000 331.000000
1 393.000000 336.000000
1 353.000000 305.000000
1 317.000000 295.000000
1 343.000000 341.000000
1 393.000000 376.000000
1 366.000000 367.000000
1 263.000000 334.000000
1 239.000000 352.000000
1 318.000000 351.000000
1 405.000000 329.000000
1 476.000000 340.000000
1 478.000000 320.000000
1 448.000000 294.000000
1 418.000000 269.000000
1 441.000000 242.000000
1 512.000000 285.000000
1 525.000000 302.000000
1 426.000000 267.000000
1 451.000000 280.000000
1 462.000000 273.000000
1 485.000000 282.000000
1 523.000000 271.000000
1 491.000000 247.000000
1 475.000000 233.000000
1 489.000000 212.000000
1 554.000000 250.000000
1 522.000000 240.000000
1 532.000000 223.000000
1 554.000000 212.000000
1 528.000000 190.000000
1 521.000000 174.000000
1 561.000000 220.000000
1 498.000000 187.000000
1 494.000000 165.000000
1 531.000000 187.000000
1 563.000000 197.000000
1 569.000000 188.000000
1 548.000000 162.000000
1 530.000000 139.000000
1 516.000000 121.000000
1 508.000000 109.000000
1 575.000000 164.000000
1 565.000000 132.000000
1 548.000000 117.000000
1 526.000000 95.000000
1 509.000000 74.000000
1 506.000000 49.000000
1 559.000000 82.000000
1 578.000000 105.000000
1 585.000000 110.000000
1 548.000000 64.000000
1 530.000000 49.000000
1 506.000000 24.000000
1 511.000000 15.000000
1 568.000000 40.000000
1 576.000000 54.000000
1 477.000000 -17.000000
1 477.000000 -34.000000
1 477.000000 -39.000000
1 478.000000 -50.000000
1 478.000000 -66.000000
1 477.000000 -77.000000
1 476.000000 -87.000000
1 476.000000 -101.000000
1 476.000000 -117.000000
1 476.000000 -132.000000
1 477.000000 -147.000000
1 478.000000 -167.000000
1 478.000000 -180.000000
1 479.000000 -194.000000
1 479.000000 -224.000000
1 479.000000 -234.000000
1 479.000000 -254.000000
1 479.000000 -270.000000
1 476.000000 -292.000000
1 473.000000 -187.000000
1 469.000000 -198.000000
1 463.000000 -208.000000
1 457.000000 -216.000000
1 453.000000 -222.000000
1 440.000000 -224.000000
1 436.000000 -208.000000
1 411.000000 -219.000000
1 399.000000 -223.000000
1 373.000000 -225.000000
1 349.000000 -228.000000
1 342.000000 -222.000000
1 339.000000 -219.000000
1 280.000000 -217.000000
1 280.000000 -207.000000
1 290.000000 -202.000000
1 348.000000 -200.000000
1 370.000000 -203.000000
1 393.000000 -203.000000
1 405.000000 -203.000000
1 401.000000 -203.000000
1 327.000000 -208.000000
1 313.000000 -206.000000
1 244.000000 -208.000000
1 218.000000 -208.000000
1 189.000000 -208.000000
1 153.000000 -207.000000
1 127.000000 -206.000000
1 100.000000 -206.000000
1 62.000000 -206.000000
1 29.000000 -206.000000
1 11.000000 -206.000000
1 164.000000 -207.000000
1 238.000000 -208.000000
1 288.000000 -208.000000
1 240.000000 -209.000000
1 195.000000 -211.000000
1 99.000000 -209.000000
1 68.000000 -207.000000
1 40.000000 -206.000000
1 27.000000 -206.000000
1 -4.000000 -207.000000
1 -16.000000 -208.000000
1 -33.000000 -207.000000
1 -68.000000 -206.000000
1 -99.000000 -206.000000
1 -124.000000 -208.000000
1 -180.000000 -212.000000
1 -208.000000 -214.000000
1 -245.000000 -212.000000
1 -302.000000 -208.000000
1 -346.000000 -214.000000
1 -392.000000 -218.000000
1 -407.000000 -215.000000
1 -428.000000 -205.000000
1 -451.000000 -198.000000
1 -468.000000 -169.000000
1 -483.000000 -123.000000
1 -489.000000 -83.000000
1 -488.000000 -43.000000
1 -481.000000 -9.000000
1 -475.000000 -34.000000
1 -472.000000 -68.000000
1 -472.000000 -94.000000
1 -471.000000 -127.000000
1 -464.000000 -155.000000
1 -446.000000 -183.000000
1 -434.000000 -195.000000
1 -410.000000 -211.000000
1 -388.000000 -217.000000
1 -370.000000 -221.000000
1 -352.000000 -222.000000
1 -326.000000 -217.000000
1 -303.000000 -216.000000
1 -279.000000 -217.000000
1 -240.000000 -218.000000
1 -213.000000 -217.000000
1 -168.000000 -215.000000
1 -135.000000 -212.000000
1 -96.000000 -209.000000
1 -74.000000 -209.000000
1 -33.000000 -210.000000
1 -24.000000 -210.000000
1 -77.000000 -210.000000
1 -127.000000 -212.000000
1 -177.000000 -218.000000
1 -226.000000 -220.000000
1 -250.000000 -220.000000
1 -266.000000 -220.000000
1 -117.000000 -210.000000
1 -66.000000 -205.000000
1 -43.000000 -206.000000
1 -153.000000 -208.000000
1 -155.000000 -208.000000
1 -417.000000 -197.000000
1 -442.000000 -165.000000
1 -469.000000 -106.000000
1 -453.000000 -136.000000
1 -402.000000 -198.000000
1 -369.000000 -216.000000
1 -534.000000 -23.000000
1 -570.000000 -62.000000
1 -547.000000 -87.000000
1 -511.000000 -31.000000
1 -512.000000 -45.000000
1 -545.000000 -86.000000
1 -534.000000 -40.000000
1 -554.000000 -4.000000
1 -565.000000 -42.000000
1 -560.000000 -99.000000
1 -540.000000 -144.000000
1 -511.000000 -111.000000
1 -518.000000 -99.000000
1 -552.000000 -131.000000
1 -574.000000 -174.000000
1 -526.000000 -144.000000
1 -503.000000 -126.000000
1 -523.000000 -160.000000
1 -558.000000 -199.000000
1 -585.000000 -253.000000
1 -511.000000 -179.000000
1 -502.000000 -164.000000
1 -522.000000 -213.000000
1 -552.000000 -272.000000
1 -544.000000 -296.000000
1 -485.000000 -204.000000
1 -480.000000 -205.000000
1 -506.000000 -256.000000
1 -525.000000 -291.000000
1 -495.000000 -234.000000
1 -468.000000 -222.000000
1 -450.000000 -225.000000
1 -487.000000 -281.000000
1 -518.000000 -324.000000
1 -509.000000 -322.000000
1 -434.000000 -252.000000
1 -391.000000 -230.000000
1 -415.000000 -264.000000
1 -456.000000 -307.000000
1 -464.000000 -304.000000
1 -437.000000 -247.000000
1 -403.000000 -243.000000
1 -355.000000 -269.000000
1 -406.000000 -331.000000
1 -405.000000 -333.000000
1 -354.000000 -261.000000
1 -373.000000 -265.000000
1 -397.000000 -293.000000
1 -432.000000 -331.000000
1 -464.000000 -352.000000
1 -317.000000 -279.000000
1 -308.000000 -250.000000
1 -286.000000 -259.000000
1 -333.000000 -313.000000
1 -372.000000 -340.000000
1 -373.000000 -365.000000
1 -289.000000 -327.000000
1 -237.000000 -253.000000
1 -225.000000 -254.000000
1 -211.000000 -278.000000
1 -239.000000 -307.000000
1 -267.000000 -298.000000
1 -269.000000 -307.000000
1 -302.000000 -351.000000
1 -239.000000 -331.000000
1 -194.000000 -288.000000
1 -167.000000 -243.000000
1 -153.000000 -270.000000
1 -193.000000 -320.000000
1 -221.000000 -344.000000
1 -219.000000 -344.000000
1 -122.000000 -271.000000
1 -89.000000 -242.000000
1 -89.000000 -273.000000
1 -152.000000 -323.000000
1 -178.000000 -349.000000
1 -90.000000 -309.000000
1 -50.000000 -248.000000
1 -23.000000 -255.000000
1 -70.000000 -310.000000
1 -111.000000 -342.000000
1 -88.000000 -342.000000
1 -23.000000 -284.000000
1 -8.000000 -244.000000
1 -49.000000 -274.000000
1 -72.000000 -286.000000
1 -133.000000 -313.000000
1 -136.000000 -322.000000
1 -126.000000 -252.000000
1 -125.000000 -244.000000
1 -169.000000 -309.000000
1 -201.000000 -344.000000
1 -66.000000 -331.000000
1 -19.000000 -330.000000
1 7.000000 -270.000000
1 26.000000 -239.000000
1 13.000000 -309.000000
1 72.000000 -231.000000
1 46.000000 -266.000000
1 39.000000 -293.000000
1 60.000000 -334.000000
1 111.000000 -259.000000
1 120.000000 -235.000000
1 81.000000 -265.000000
1 70.000000 -287.000000
1 83.000000 -321.000000
1 136.000000 -300.000000
1 166.000000 -250.000000
1 177.000000 -235.000000
1 136.000000 -264.000000
1 120.000000 -299.000000
1 116.000000 -327.000000
1 170.000000 -316.000000
1 208.000000 -264.000000
1 226.000000 -240.000000
1 199.000000 -253.000000
1 175.000000 -289.000000
1 205.000000 -319.000000
1 257.000000 -293.000000
1 272.000000 -248.000000
1 254.000000 -245.000000
1 236.000000 -278.000000
1 241.000000 -306.000000
1 285.000000 -317.000000
1 307.000000 -282.000000
1 320.000000 -244.000000
1 287.000000 -264.000000
1 274.000000 -305.000000
1 316.000000 -335.000000
1 352.000000 -297.000000
1 363.000000 -262.000000
1 356.000000 -250.000000
1 334.000000 -288.000000
1 345.000000 -305.000000
1 385.000000 -283.000000
1 403.000000 -252.000000
1 383.000000 -273.000000
1 370.000000 -323.000000
1 372.000000 -331.000000
1 419.000000 -280.000000
1 437.000000 -251.000000
1 434.000000 -280.000000
1 414.000000 -321.000000
1 441.000000 -307.000000
1 460.000000 -258.000000
1 479.000000 -274.000000
1 468.000000 -330.000000
1 505.000000 -322.000000
1 545.000000 -277.000000
1 568.000000 -243.000000
1 583.000000 -207.000000
1 594.000000 -165.000000
1 587.000000 -163.000000
1 541.000000 -227.000000
1 511.000000 -263.000000
1 495.000000 -270.000000
1 526.000000 -206.000000
1 552.000000 -159.000000
1 558.000000 -144.000000
1 536.000000 -185.000000
1 508.000000 -224.000000
1 502.000000 -212.000000
1 523.000000 -169.000000
1 536.000000 -148.000000
1 555.000000 -110.000000
1 570.000000 -84.000000
1 576.000000 -63.000000
1 579.000000 -42.000000
1 574.000000 -19.000000
1 533.000000 -21.000000
1 514.000000 -45.000000
1 502.000000 -82.000000
1 490.000000 -152.000000
1 484.000000 -189.000000
1 514.000000 -140.000000
1 525.000000 -110.000000
1 540.000000 -75.000000
1 552.000000 -46.000000
1 554.000000 -40.000000
1 518.000000 -109.000000
1 509.000000 -113.000000
1 508.000000 -47.000000
1 513.000000 -23.000000
1 520.000000 -9.000000
1 543.000000 -4.000000
1 555.000000 -26.000000
1 554.000000 -57.000000
1 555.000000 -125.000000
1 566.000000 -133.000000
1 577.000000 -113.000000
1 577.000000 -173.000000
1 566.000000 -219.000000
1 555.000000 -223.000000
1 552.000000 -205.000000
1 559.000000 -284.000000
1 541.000000 -314.000000
1 515.000000 -304.000000
1 510.000000 -290.000000
1 453.000000 -333.000000
1 381.000000 -339.000000
1 382.000000 -308.000000
1 409.000000 -302.000000
1 347.000000 -311.000000
1 319.000000 -274.000000
1 314.000000 -242.000000
1 287.000000 -257.000000
1 301.000000 -319.000000
1 330.000000 -324.000000
1 339.000000 -345.000000
1 200.000000 -336.000000
1 141.000000 -341.000000
1 143.000000 -357.000000
1 266.000000 -362.000000
1 333.000000 -352.000000
1 265.000000 -328.000000
1 240.000000 -340.000000
1 208.000000 -360.000000
1 283.000000 -362.000000
1 385.000000 -360.000000
1 475.000000 -357.000000
1 526.000000 -344.000000
1 556.000000 -322.000000
1 570.000000 -281.000000
1 575.000000 -252.000000
1 573.000000 -304.000000
1 101.000000 -361.000000
1 47.000000 -361.000000
1 5.000000 -343.000000
1 -8.000000 -341.000000
1 -37.000000 -364.000000
1 -452.000000 101.000000
1 -436.000000 98.000000
1 -415.000000 94.000000
1 -402.000000 83.000000
1 -388.000000 69.000000
1 -382.000000 58.000000
1 -453.000000 -85.000000
1 -439.000000 -84.000000
1 -415.000000 -78.000000
1 -391.000000 -70.000000
1 -380.000000 -57.000000
1 -376.000000 -37.000000
1 -372.000000 45.000000
1 0.000000 101.000000
1 -15.000000 112.000000
1 -33.000000 131.000000
1 -49.000000 146.000000
1 -68.000000 167.000000
1 -82.000000 183.000000
1 2.000000 100.000000
1 25.000000 119.000000
1 82.000000 197.000000
1 66.000000 178.000000
1 47.000000 154.000000
1 36.000000 139.000000
1 0.000000 -101.000000
1 -75.000000 -181.000000
1 -47.000000 -152.000000
1 -30.000000 -136.000000
1 -16.000000 -116.000000
1 86.000000 -187.000000
1 65.000000 -164.000000
1 46.000000 -144.000000
1 32.000000 -123.000000
1 20.000000 -105.000000
1 -149.000000 0.000000
1 -132.000000 20.000000
1 -124.000000 30.000000
1 -109.000000 46.000000
1 -90.000000 69.000000
1 -89.000000 -71.000000
1 -103.000000 -56.000000
1 -115.000000 -47.000000
1 -127.000000 -35.000000
1 -138.000000 -19.000000
1 -150.000000 -7.000000
1 151.000000 -1.000000
1 138.000000 14.000000
1 88.000000 70.000000
1 99.000000 56.000000
1 110.000000 46.000000
1 120.000000 31.000000
1 131.000000 20.000000
1 86.000000 71.000000
1 87.000000 -70.000000
1 105.000000 -57.000000
1 121.000000 -45.000000
1 135.000000 -32.000000
1 146.000000 -21.000000
1 152.000000 -12.000000
1 -207.000000 148.000000
1 -225.000000 131.000000
1 -235.000000 119.000000
1 -253.000000 104.000000
1 -265.000000 91.000000
1 -281.000000 76.000000
1 -294.000000 65.000000
1 -302.000000 60.000000
1 -208.000000 -147.000000
1 -218.000000 -137.000000
1 -233.000000 -129.000000
1 -306.000000 -64.000000
1 -286.000000 -81.000000
1 -276.000000 -90.000000
1 -261.000000 -101.000000
1 -248.000000 -114.000000
1 -238.000000 -124.000000
1 -227.000000 -132.000000
2 209.000000 147.000000
2 300.000000 60.000000
2 219.000000 138.000000
2 229.000000 128.000000
2 237.000000 121.000000
2 250.000000 110.000000
2 262.000000 102.000000
2 276.000000 88.000000
2 286.000000 76.000000
2 293.000000 68.000000
2 300.000000 -60.000000
2 207.000000 -145.000000
2 218.000000 -135.000000
2 231.000000 -124.000000
2 244.000000 -110.000000
2 256.000000 -101.000000
2 274.000000 -85.000000
2 287.000000 -72.000000
2 375.000000 43.000000
2 385.000000 54.000000
2 398.000000 62.000000
2 414.000000 75.000000
2 425.000000 82.000000
2 442.000000 94.000000
2 460.000000 98.000000
2 465.000000 93.000000
2 379.000000 -39.000000
2 387.000000 -48.000000
2 405.000000 -59.000000
2 426.000000 -71.000000
2 440.000000 -82.000000
2 459.000000 -94.000000
470
1 -472.000000 73.000000
1 -477.000000 118.000000
1 -469.000000 159.000000
1 -479.000000 198.000000
1 -464.000000 249.000000
1 -478.000000 285.000000
1 -470.000000 328.000000
1 -443.000000 228.000000
1 -406.000000 254.000000
1 -341.000000 274.000000
1 -285.000000 271.000000
1 -221.000000 266.000000
1 -172.000000 265.000000
1 -115.000000 250.000000
1 -57.000000 255.000000
1 -386.000000 207.000000
1 -328.000000 226.000000
1 -269.000000 228.000000
1 -237.000000 204.000000
1 -175.000000 203.000000
1 -110.000000 216.000000
1 -50.000000 216.000000
1 -430.000000 194.000000
1 -445.000000 147.000000
1 -413.000000 172.000000
1 29.000000 219.000000
1 54.000000 226.000000
1 85.000000 232.000000
1 104.000000 238.000000
1 134.000000 225.000000
1 159.000000 219.000000
1 186.000000 225.000000
1 203.000000 248.000000
1 235.000000 251.000000
1 260.000000 235.000000
1 280.000000 226.000000
1 291.000000 224.000000
1 232.000000 229.000000
1 218.000000 228.000000
1 271.000000 236.000000
1 314.000000 227.000000
1 356.000000 224.000000
1 376.000000 231.000000
1 406.000000 226.000000
1 437.000000 220.000000
1 463.000000 204.000000
1 483.000000 182.000000
1 499.000000 159.000000
1 505.000000 132.000000
1 504.000000 98.000000
1 503.000000 74.000000
1 501.000000 59.000000
1 500.000000 58.000000
1 487.000000 155.000000
1 479.000000 166.000000
1 485.000000 117.000000
1 488.000000 80.000000
1 487.000000 26.000000
1 478.000000 52.000000
1 144.000000 259.000000
1 168.000000 258.000000
1 195.000000 279.000000
1 238.000000 280.000000
1 280.000000 274.000000
1 309.000000 262.000000
1 380.000000 264.000000
1 429.000000 271.000000
1 484.000000 268.000000
1 503.000000 243.000000
1 504.000000 222.000000
1 496.000000 208.000000
1 505.000000 188.000000
1 527.000000 159.000000
1 529.000000 124.000000
1 529.000000 84.000000
1 530.000000 36.000000
1 516.000000 6.000000
1 522.000000 35.000000
1 24.000000 250.000000
1 64.000000 267.000000
1 98.000000 284.000000
1 139.000000 288.000000
1 151.000000 287.000000
1 65.000000 256.000000
1 76.000000 259.000000
1 212.000000 264.000000
1 283.000000 264.000000
1 354.000000 279.000000
1 400.000000 275.000000
1 486.000000 297.000000
1 535.000000 269.000000
1 543.000000 235.000000
1 555.000000 203.000000
1 573.000000 152.000000
1 564.000000 103.000000
1 555.000000 53.000000
1 553.000000 18.000000
1 557.000000 3.000000
1 555.000000 142.000000
1 546.000000 171.000000
1 540.000000 206.000000
1 491.000000 263.000000
1 442.000000 292.000000
1 406.000000 295.000000
1 308.000000 312.000000
1 248.000000 315.000000
1 151.000000 321.000000
1 76.000000 322.000000
1 37.000000 299.000000
1 28.000000 296.000000
1 193.000000 301.000000
1 260.000000 292.000000
1 352.000000 313.000000
1 432.000000 306.000000
1 505.000000 293.000000
1 558.000000 270.000000
1 569.000000 244.000000
1 -46.000000 288.000000
1 -105.000000 288.000000
1 -138.000000 304.000000
1 -167.000000 325.000000
1 -263.000000 314.000000
1 -311.000000 304.000000
1 -368.000000 294.000000
1 -391.000000 294.000000
1 -338.000000 331.000000
1 -193.000000 311.000000
1 -158.000000 292.000000
1 -83.000000 310.000000
1 -32.000000 338.000000
1 -18.000000 322.000000
1 -93.000000 348.000000
1 -182.000000 359.000000
1 -304.000000 352.000000
1 -398.000000 341.000000
1 -434.000000 320.000000
1 -358.000000 334.000000
1 -257.000000 341.000000
1 -216.000000 330.000000
1 -206.000000 301.000000
1 -239.000000 281.000000
1 -268.000000 294.000000
1 -319.000000 306.000000
1 -386.000000 290.000000
1 -436.000000 255.000000
1 -463.000000 264.000000
1 -491.000000 256.000000
1 -547.000000 184.000000
1 -559.000000 124.000000
1 -578.000000 74.000000
1 -537.000000 91.000000
1 -498.000000 149.000000
1 -526.000000 117.000000
1 -538.000000 57.000000
1 -529.000000 35.000000
1 -510.000000 53.000000
1 -507.000000 21.000000
1 -536.000000 10.000000
1 -579.000000 23.000000
1 -600.000000 20.000000
1 -595.000000 17.000000
1 -560.000000 51.000000
1 -545.000000 48.000000
1 -520.000000 42.000000
1 -501.000000 86.000000
1 -506.000000 97.000000
1 -552.000000 74.000000
1 -579.000000 81.000000
1 -575.000000 109.000000
1 -532.000000 113.000000
1 -506.000000 164.000000
1 -529.000000 164.000000
1 -567.000000 151.000000
1 -582.000000 166.000000
1 -530.000000 204.000000
1 -478.000000 210.000000
1 -496.000000 237.000000
1 -557.000000 241.000000
1 -572.000000 268.000000
1 -532.000000 270.000000
1 -499.000000 289.000000
1 -494.000000 308.000000
1 -535.000000 330.000000
1 -558.000000 353.000000
1 -476.000000 336.000000
1 -400.000000 299.000000
1 -346.000000 349.000000
1 -370.000000 367.000000
1 -452.000000 306.000000
1 -482.000000 356.000000
1 -428.000000 360.000000
1 -395.000000 282.000000
1 -373.000000 250.000000
1 -333.000000 256.000000
1 -270.000000 262.000000
1 -248.000000 253.000000
1 -298.000000 246.000000
1 -295.000000 249.000000
1 -191.000000 247.000000
1 -168.000000 242.000000
1 -127.000000 265.000000
1 -107.000000 282.000000
1 -59.000000 261.000000
1 -25.000000 273.000000
1 -19.000000 278.000000
1 -14.000000 247.000000
1 17.000000 311.000000
1 16.000000 357.000000
1 -66.000000 368.000000
1 -142.000000 348.000000
1 -183.000000 357.000000
1 -61.000000 366.000000
1 36.000000 343.000000
1 71.000000 317.000000
1 54.000000 374.000000
1 -173.000000 368.000000
1 -293.000000 357.000000
1 -352.000000 358.000000
1 481.000000 -18.000000
1 480.000000 -31.000000
1 480.000000 -41.000000
1 479.000000 -62.000000
1 477.000000 -79.000000
1 476.000000 -90.000000
1 476.000000 -100.000000
1 476.000000 -117.000000
1 476.000000 -142.000000
1 478.000000 -168.000000
1 477.000000 -184.000000
1 472.000000 -199.000000
1 464.000000 -211.000000
1 430.000000 -216.000000
1 407.000000 -215.000000
1 370.000000 -213.000000
1 319.000000 -211.000000
1 280.000000 -207.000000
1 259.000000 -206.000000
1 242.000000 -203.000000
1 205.000000 -204.000000
1 176.000000 -204.000000
1 159.000000 -201.000000
1 134.000000 -194.000000
1 100.000000 -206.000000
1 76.000000 -209.000000
1 60.000000 -210.000000
1 41.000000 -203.000000
1 14.000000 -198.000000
1 -6.000000 -201.000000
1 -21.000000 -206.000000
1 -34.000000 -210.000000
1 -53.000000 -210.000000
1 3.000000 -204.000000
1 -21.000000 -209.000000
1 -39.000000 -213.000000
1 -65.000000 -214.000000
1 -99.000000 -210.000000
1 -132.000000 -207.000000
1 -134.000000 -205.000000
1 -176.000000 -206.000000
1 -209.000000 -206.000000
1 -243.000000 -207.000000
1 -268.000000 -207.000000
1 -271.000000 -206.000000
1 -193.000000 -211.000000
1 -183.000000 -213.000000
1 -200.000000 -214.000000
1 -267.000000 -211.000000
1 -305.000000 -209.000000
1 -333.000000 -206.000000
1 -367.000000 -208.000000
1 -412.000000 -212.000000
1 -430.000000 -204.000000
1 -442.000000 -187.000000
1 -442.000000 -166.000000
1 -459.000000 -145.000000
1 -469.000000 -130.000000
1 -474.000000 -109.000000
1 -473.000000 -86.000000
1 -472.000000 -60.000000
1 -472.000000 -35.000000
1 -472.000000 -29.000000
1 -488.000000 -57.000000
1 -490.000000 -97.000000
1 -493.000000 -85.000000
1 -521.000000 -19.000000
1 -541.000000 -45.000000
1 -555.000000 -77.000000
1 -527.000000 -20.000000
1 -579.000000 -56.000000
1 -576.000000 -85.000000
1 -535.000000 -75.000000
1 -523.000000 -63.000000
1 -548.000000 -100.000000
1 -576.000000 -160.000000
1 -541.000000 -125.000000
1 -532.000000 -111.000000
1 -567.000000 -132.000000
1 -572.000000 -153.000000
1 -568.000000 -178.000000
1 -545.000000 -195.000000
1 -502.000000 -159.000000
1 -490.000000 -152.000000
1 -540.000000 -199.000000
1 -560.000000 -223.000000
1 -563.000000 -255.000000
1 -533.000000 -245.000000
1 -506.000000 -223.000000
1 -492.000000 -202.000000
1 -524.000000 -258.000000
1 -526.000000 -290.000000
1 -483.000000 -256.000000
1 -459.000000 -236.000000
1 -464.000000 -262.000000
1 -497.000000 -308.000000
1 -517.000000 -337.000000
1 -505.000000 -341.000000
1 -377.000000 -279.000000
1 -342.000000 -258.000000
1 -400.000000 -321.000000
1 -386.000000 -327.000000
1 -322.000000 -289.000000
1 -295.000000 -259.000000
1 -345.000000 -274.000000
1 -367.000000 -302.000000
1 -374.000000 -317.000000
1 -314.000000 -307.000000
1 -252.000000 -263.000000
1 -245.000000 -252.000000
1 -286.000000 -297.000000
1 -296.000000 -315.000000
1 -312.000000 -339.000000
1 -181.000000 -247.000000
1 -198.000000 -269.000000
1 -215.000000 -282.000000
1 -241.000000 -308.000000
1 -266.000000 -332.000000
1 -255.000000 -329.000000
1 -139.000000 -247.000000
1 -161.000000 -276.000000
1 -188.000000 -302.000000
1 -209.000000 -329.000000
1 -210.000000 -336.000000
1 -92.000000 -249.000000
1 -117.000000 -281.000000
1 -139.000000 -303.000000
1 -156.000000 -330.000000
1 -108.000000 -223.000000
1 -150.000000 -230.000000
1 -194.000000 -238.000000
1 -249.000000 -239.000000
1 -306.000000 -240.000000
1 -329.000000 -239.000000
1 -358.000000 -238.000000
1 -137.000000 -239.000000
1 -81.000000 -235.000000
1 -50.000000 -241.000000
1 -16.000000 -232.000000
1 2.000000 -223.000000
1 -42.000000 -240.000000
1 -52.000000 -307.000000
1 -66.000000 -352.000000
1 -34.000000 -310.000000
1 -1.000000 -273.000000
1 19.000000 -232.000000
1 39.000000 -228.000000
1 38.000000 -279.000000
1 25.000000 -312.000000
1 49.000000 -252.000000
1 55.000000 -245.000000
1 52.000000 -249.000000
1 95.000000 -236.000000
1 106.000000 -243.000000
1 70.000000 -279.000000
1 49.000000 -313.000000
1 63.000000 -317.000000
1 152.000000 -232.000000
1 141.000000 -248.000000
1 89.000000 -296.000000
1 82.000000 -323.000000
1 122.000000 -312.000000
1 162.000000 -277.000000
1 188.000000 -258.000000
1 215.000000 -250.000000
1 169.000000 -295.000000
1 161.000000 -326.000000
1 225.000000 -289.000000
1 265.000000 -244.000000
1 275.000000 -222.000000
1 199.000000 -282.000000
1 187.000000 -304.000000
1 176.000000 -332.000000
1 232.000000 -313.000000
1 271.000000 -270.000000
1 295.000000 -240.000000
1 309.000000 -232.000000
1 274.000000 -304.000000
1 256.000000 -330.000000
1 275.000000 -314.000000
1 296.000000 -290.000000
1 303.000000 -269.000000
1 348.000000 -240.000000
1 381.000000 -232.000000
1 385.000000 -243.000000
1 348.000000 -269.000000
1 325.000000 -290.000000
1 296.000000 -322.000000
1 324.000000 -329.000000
1 383.000000 -292.000000
1 417.000000 -258.000000
1 424.000000 -253.000000
1 386.000000 -313.000000
1 411.000000 -319.000000
1 460.000000 -281.000000
1 477.000000 -248.000000
1 495.000000 -223.000000
1 512.000000 -234.000000
1 482.000000 -296.000000
1 467.000000 -335.000000
1 491.000000 -330.000000
1 530.000000 -272.000000
1 547.000000 -238.000000
1 560.000000 -251.000000
1 543.000000 -314.000000
1 532.000000 -339.000000
1 571.000000 -290.000000
1 581.000000 -249.000000
1 582.000000 -217.000000
1 528.000000 -237.000000
1 520.000000 -239.000000
1 554.000000 -194.000000
1 573.000000 -168.000000
1 579.000000 -154.000000
1 547.000000 -166.000000
1 503.000000 -189.000000
1 502.000000 -183.000000
1 549.000000 -131.000000
1 566.000000 -105.000000
1 571.000000 -92.000000
1 525.000000 -127.000000
1 502.000000 -149.000000
1 514.000000 -109.000000
1 548.000000 -75.000000
1 543.000000 -75.000000
1 491.000000 -124.000000
1 478.000000 -139.000000
1 495.000000 -95.000000
1 505.000000 -67.000000
1 529.000000 -34.000000
1 528.000000 -25.000000
1 485.000000 -68.000000
1 495.000000 -27.000000
1 512.000000 -6.000000
1 531.000000 -44.000000
1 510.000000 -86.000000
1 520.000000 -93.000000
1 554.000000 -56.000000
1 571.000000 -81.000000
1 541.000000 -142.000000
1 -386.000000 61.000000
1 -392.000000 74.000000
1 -402.000000 85.000000
1 -411.000000 94.000000
1 -428.000000 101.000000
1 -442.000000 103.000000
1 -380.000000 -44.000000
1 -384.000000 -57.000000
1 -401.000000 -70.000000
1 -418.000000 -75.000000
1 -444.000000 -82.000000
1 -377.000000 54.000000
421
1 482.000000 13.000000
1 482.000000 32.000000
1 482.000000 51.000000
1 483.000000 64.000000
1 484.000000 87.000000
1 488.000000 101.000000
1 489.000000 114.000000
1 486.000000 127.000000
1 483.000000 135.000000
1 483.000000 155.000000
1 479.000000 172.000000
1 463.000000 188.000000
1 438.000000 204.000000
1 408.000000 224.000000
1 367.000000 235.000000
1 348.000000 233.000000
1 296.000000 233.000000
1 262.000000 233.000000
1 222.000000 233.000000
1 191.000000 232.000000
1 156.000000 232.000000
1 128.000000 233.000000
1 102.000000 233.000000
1 64.000000 230.000000
1 31.000000 229.000000
1 3.000000 226.000000
1 -31.000000 225.000000
1 -60.000000 225.000000
1 -61.000000 225.000000
1 -91.000000 223.000000
1 -112.000000 216.000000
1 -145.000000 214.000000
1 -188.000000 216.000000
1 -225.000000 219.000000
1 -259.000000 221.000000
1 -289.000000 220.000000
1 -328.000000 220.000000
1 -360.000000 216.000000
1 -383.000000 211.000000
1 -409.000000 203.000000
1 -445.000000 186.000000
1 -470.000000 170.000000
1 -489.000000 148.000000
1 -497.000000 117.000000
1 -497.000000 81.000000
1 -493.000000 57.000000
1 -490.000000 26.000000
1 -492.000000 3.000000
1 -489.000000 81.000000
1 -480.000000 103.000000
1 -476.000000 148.000000
1 -414.000000 205.000000
1 -538.000000 172.000000
1 -548.000000 107.000000
1 -541.000000 50.000000
1 -526.000000 11.000000
1 -512.000000 59.000000
1 -513.000000 134.000000
1 -498.000000 171.000000
1 -510.000000 116.000000
1 -541.000000 59.000000
1 -566.000000 21.000000
1 -572.000000 49.000000
1 -562.000000 117.000000
1 -536.000000 161.000000
1 -519.000000 145.000000
1 -543.000000 150.000000
1 -543.000000 191.000000
1 -486.000000 231.000000
1 -451.000000 220.000000
1 -488.000000 200.000000
1 -513.000000 229.000000
1 -471.000000 233.000000
1 -491.000000 212.000000
1 -505.000000 260.000000
1 -440.000000 248.000000
1 -448.000000 221.000000
1 -541.000000 255.000000
1 -448.000000 290.000000
1 -406.000000 264.000000
1 -445.000000 258.000000
1 -395.000000 307.000000
1 -358.000000 269.000000
1 -395.000000 251.000000
1 -322.000000 309.000000
1 -297.000000 271.000000
1 -334.000000 254.000000
1 -306.000000 313.000000
1 -237.000000 281.000000
1 -291.000000 257.000000
1 -220.000000 311.000000
1 -248.000000 261.000000
1 -269.000000 275.000000
1 -160.000000 292.000000
1 -197.000000 254.000000
1 -157.000000 310.000000
1 -132.000000 278.000000
1 -217.000000 262.000000
1 -174.000000 297.000000
1 -160.000000 261.000000
1 -50.000000 301.000000
1 -108.000000 260.000000
1 -58.000000 311.000000
1 -92.000000 252.000000
1 -112.000000 303.000000
1 -52.000000 283.000000
1 -41.000000 292.000000
1 -22.000000 318.000000
1 -133.000000 295.000000
1 -125.000000 260.000000
1 -68.000000 335.000000
1 -86.000000 317.000000
1 -95.000000 319.000000
1 -234.000000 339.000000
1 -329.000000 316.000000
1 -362.000000 324.000000
1 -283.000000 336.000000
1 -283.000000 339.000000
1 -316.000000 337.000000
1 -305.000000 325.000000
1 -390.000000 349.000000
1 -454.000000 306.000000
1 -490.000000 264.000000
1 -456.000000 261.000000
1 -120.000000 285.000000
1 -28.000000 317.000000
1 -25.000000 280.000000
1 -187.000000 255.000000
1 -252.000000 248.000000
1 -133.000000 231.000000
1 -71.000000 232.000000
1 -54.000000 231.000000
1 -174.000000 250.000000
1 -308.000000 253.000000
1 -371.000000 270.000000
1 -415.000000 267.000000
1 -459.000000 230.000000
1 -452.000000 220.000000
1 27.000000 275.000000
1 58.000000 308.000000
1 93.000000 297.000000
1 68.000000 259.000000
1 73.000000 295.000000
1 153.000000 313.000000
1 129.000000 268.000000
1 114.000000 279.000000
1 155.000000 291.000000
1 109.000000 257.000000
1 149.000000 301.000000
1 186.000000 262.000000
1 172.000000 257.000000
1 211.000000 308.000000
1 243.000000 292.000000
1 184.000000 266.000000
1 180.000000 320.000000
1 268.000000 281.000000
1 244.000000 258.000000
1 332.000000 296.000000
1 270.000000 264.000000
1 293.000000 315.000000
1 299.000000 287.000000
1 284.000000 263.000000
1 330.000000 273.000000
1 393.000000 317.000000
1 363.000000 262.000000
1 349.000000 248.000000
1 414.000000 302.000000
1 419.000000 276.000000
1 399.000000 256.000000
1 434.000000 292.000000
1 469.000000 263.000000
1 445.000000 240.000000
1 495.000000 250.000000
1 480.000000 223.000000
1 525.000000 262.000000
1 530.000000 225.000000
1 494.000000 200.000000
1 531.000000 222.000000
1 516.000000 196.000000
1 509.000000 182.000000
1 552.000000 187.000000
1 514.000000 149.000000
1 522.000000 150.000000
1 551.000000 152.000000
1 521.000000 126.000000
1 557.000000 127.000000
1 511.000000 96.000000
1 498.000000 78.000000
1 552.000000 99.000000
1 517.000000 68.000000
1 499.000000 56.000000
1 555.000000 65.000000
1 511.000000 36.000000
1 510.000000 28.000000
1 556.000000 30.000000
1 511.000000 11.000000
1 537.000000 25.000000
1 482.000000 -10.000000
1 476.000000 -27.000000
1 475.000000 -38.000000
1 475.000000 -47.000000
1 476.000000 -61.000000
1 479.000000 -86.000000
1 479.000000 -98.000000
1 477.000000 -116.000000
1 476.000000 -138.000000
1 477.000000 -153.000000
1 478.000000 -174.000000
1 469.000000 -191.000000
1 455.000000 -203.000000
1 443.000000 -210.000000
1 411.000000 -208.000000
1 385.000000 -198.000000
1 359.000000 -198.000000
1 331.000000 -204.000000
1 306.000000 -206.000000
1 281.000000 -207.000000
1 249.000000 -205.000000
1 222.000000 -205.000000
1 202.000000 -205.000000
1 178.000000 -206.000000
1 159.000000 -207.000000
1 130.000000 -206.000000
1 104.000000 -207.000000
1 79.000000 -210.000000
1 49.000000 -211.000000
1 24.000000 -211.000000
1 5.000000 -210.000000
1 -28.000000 -210.000000
1 -58.000000 -210.000000
1 -69.000000 -211.000000
1 -105.000000 -212.000000
1 -140.000000 -210.000000
1 -174.000000 -210.000000
1 -201.000000 -212.000000
1 -225.000000 -214.000000
1 -254.000000 -214.000000
1 -294.000000 -209.000000
1 -332.000000 -201.000000
1 -365.000000 -204.000000
1 -408.000000 -209.000000
1 -440.000000 -206.000000
1 -447.000000 -191.000000
1 -452.000000 -166.000000
1 -465.000000 -133.000000
1 -468.000000 -104.000000
1 -473.000000 -71.000000
1 -477.000000 -38.000000
1 -480.000000 -10.000000
1 -481.000000 -4.000000
1 -512.000000 -23.000000
1 -545.000000 -41.000000
1 -576.000000 -69.000000
1 -588.000000 -99.000000
1 -548.000000 -39.000000
1 -525.000000 -51.000000
1 -550.000000 -105.000000
1 -567.000000 -152.000000
1 -549.000000 -141.000000
1 -508.000000 -89.000000
1 -515.000000 -131.000000
1 -544.000000 -192.000000
1 -560.000000 -226.000000
1 -551.000000 -188.000000
1 -514.000000 -154.000000
1 -487.000000 -163.000000
1 -527.000000 -233.000000
1 -556.000000 -271.000000
1 -560.000000 -283.000000
1 -460.000000 -226.000000
1 -457.000000 -240.000000
1 -505.000000 -293.000000
1 -523.000000 -324.000000
1 -440.000000 -288.000000
1 -379.000000 -238.000000
1 -416.000000 -276.000000
1 -459.000000 -318.000000
1 -466.000000 -333.000000
1 -375.000000 -287.000000
1 -296.000000 -251.000000
1 -288.000000 -273.000000
1 -388.000000 -343.000000
1 -362.000000 -342.000000
1 -231.000000 -277.000000
1 -186.000000 -245.000000
1 -262.000000 -313.000000
1 -295.000000 -342.000000
1 -234.000000 -324.000000
1 -156.000000 -273.000000
1 -115.000000 -243.000000
1 -172.000000 -288.000000
1 -214.000000 -328.000000
1 -191.000000 -337.000000
1 -108.000000 -290.000000
1 -64.000000 -253.000000
1 -58.000000 -248.000000
1 -130.000000 -329.000000
1 -115.000000 -329.000000
1 -52.000000 -283.000000
1 -12.000000 -241.000000
1 -20.000000 -261.000000
1 -66.000000 -316.000000
1 -68.000000 -328.000000
1 -7.000000 -276.000000
1 36.000000 -240.000000
1 18.000000 -282.000000
1 -19.000000 -324.000000
1 -34.000000 -350.000000
1 10.000000 -321.000000
1 57.000000 -275.000000
1 75.000000 -247.000000
1 67.000000 -269.000000
1 21.000000 -328.000000
1 -27.000000 -347.000000
1 -44.000000 -327.000000
1 89.000000 -248.000000
1 86.000000 -273.000000
1 46.000000 -309.000000
1 45.000000 -324.000000
1 129.000000 -267.000000
1 184.000000 -232.000000
1 184.000000 -243.000000
1 106.000000 -287.000000
1 81.000000 -313.000000
1 87.000000 -322.000000
1 170.000000 -271.000000
1 216.000000 -246.000000
1 227.000000 -243.000000
1 148.000000 -305.000000
1 125.000000 -325.000000
1 193.000000 -304.000000
1 279.000000 -252.000000
1 301.000000 -233.000000
1 262.000000 -260.000000
1 234.000000 -287.000000
1 210.000000 -314.000000
1 196.000000 -327.000000
1 272.000000 -294.000000
1 311.000000 -264.000000
1 331.000000 -239.000000
1 329.000000 -246.000000
1 289.000000 -294.000000
1 260.000000 -327.000000
1 317.000000 -300.000000
1 362.000000 -267.000000
1 395.000000 -235.000000
1 397.000000 -243.000000
1 338.000000 -313.000000
1 323.000000 -336.000000
1 354.000000 -310.000000
1 376.000000 -279.000000
1 414.000000 -247.000000
1 438.000000 -227.000000
1 427.000000 -255.000000
1 391.000000 -308.000000
1 374.000000 -332.000000
1 400.000000 -315.000000
1 470.000000 -248.000000
1 492.000000 -215.000000
1 480.000000 -253.000000
1 441.000000 -312.000000
1 431.000000 -329.000000
1 493.000000 -287.000000
1 551.000000 -252.000000
1 559.000000 -262.000000
1 536.000000 -301.000000
1 529.000000 -311.000000
1 565.000000 -287.000000
1 553.000000 -310.000000
1 517.000000 -329.000000
1 499.000000 -311.000000
1 522.000000 -267.000000
1 541.000000 -253.000000
1 490.000000 -295.000000
1 485.000000 -279.000000
1 516.000000 -237.000000
1 561.000000 -219.000000
1 565.000000 -221.000000
1 530.000000 -239.000000
1 540.000000 -202.000000
1 570.000000 -172.000000
1 565.000000 -168.000000
1 527.000000 -190.000000
1 532.000000 -176.000000
1 565.000000 -140.000000
1 570.000000 -130.000000
1 503.000000 -170.000000
1 499.000000 -170.000000
1 525.000000 -145.000000
1 541.000000 -115.000000
1 552.000000 -94.000000
1 551.000000 -86.000000
1 532.000000 -92.000000
1 525.000000 -58.000000
1 522.000000 -58.000000
1 528.000000 -57.000000
1 571.000000 -35.000000
1 547.000000 -47.000000
1 517.000000 -69.000000
1 514.000000 -35.000000
1 550.000000 -12.000000
1 553.000000 -10.000000
1 494.000000 -58.000000
1 492.000000 -57.000000
1 513.000000 -10.000000
1 541.000000 7.000000
1 556.000000 17.000000
1 529.000000 -32.000000
1 534.000000 -81.000000
1 547.000000 -105.000000
1 577.000000 -33.000000
1 578.000000 -92.000000
1 558.000000 -166.000000
1 507.000000 -229.000000
1 -390.000000 64.000000
1 -404.000000 81.000000
1 -435.000000 105.000000
1 -378.000000 -50.000000
1 -398.000000 -74.000000
1 -422.000000 -80.000000
1 -440.000000 -83.000000
8
1 368.000000 31.000000
1 369.000000 -30.000000
1 193.000000 63.000000
1 193.000000 -70.000000
2 -370.000000 28.000000
2 -371.000000 -29.000000
2 -194.000000 -69.000000
2 -192.000000 64.000000
2
1 430.000000 0.000000
2 -430.000000 0.000000
