21
1 -309.000000 116.000000
1 -285.000000 170.000000
1 -261.000000 197.000000
1 -232.000000 220.000000
1 -212.000000 230.000000
1 -224.000000 141.000000
1 -150.000000 130.000000
1 -72.000000 122.000000
1 1.000000 122.000000
1 57.000000 124.000000
1 125.000000 128.000000
1 185.000000 130.000000
1 245.000000 132.000000
1 273.000000 137.000000
1 294.000000 165.000000
1 276.000000 229.000000
1 302.000000 184.000000
1 319.000000 150.000000
1 327.000000 119.000000
1 331.000000 87.000000
1 334.000000 74.000000
30
1 -294.000000 -228.000000
1 -260.000000 -247.000000
1 -212.000000 -257.000000
1 -150.000000 -269.000000
1 -59.000000 -275.000000
1 32.000000 -270.000000
1 108.000000 -265.000000
1 190.000000 -255.000000
1 267.000000 -247.000000
1 302.000000 -220.000000
1 305.000000 -206.000000
1 235.000000 -243.000000
1 115.000000 -261.000000
1 -9.000000 -269.000000
1 -124.000000 -265.000000
1 -182.000000 -259.000000
1 -224.000000 -243.000000
1 -142.000000 -229.000000
1 36.000000 -250.000000
1 175.000000 -228.000000
1 252.000000 -209.000000
1 291.000000 -199.000000
1 310.000000 -158.000000
1 306.000000 -132.000000
1 288.000000 -90.000000
1 286.000000 -96.000000
1 253.000000 -170.000000
1 -265.000000 -135.000000
1 -254.000000 -187.000000
1 -224.000000 -201.000000
10
1 -119.000000 -11.000000
1 -98.000000 12.000000
1 -58.000000 31.000000
1 -29.000000 46.000000
1 17.000000 56.000000
1 54.000000 57.000000
1 82.000000 50.000000
1 101.000000 45.000000
1 115.000000 38.000000
1 125.000000 30.000000
18
2 -119.000000 207.000000
2 -104.000000 246.000000
2 -64.000000 280.000000
2 -4.000000 302.000000
2 102.000000 307.000000
2 158.000000 289.000000
2 183.000000 262.000000
2 191.000000 232.000000
2 194.000000 204.000000
1 -132.000000 -128.000000
1 -88.000000 -147.000000
1 -21.000000 -159.000000
1 47.000000 -149.000000
1 99.000000 -137.000000
1 147.000000 -116.000000
1 152.000000 -128.000000
1 59.000000 -152.000000
1 -45.000000 -145.000000
2
1 -261.000000 3.000000
2 231.000000 -2.000000
