88
1 -586.000000 384.000000
1 -567.000000 385.000000
1 -545.000000 384.000000
1 -529.000000 385.000000
1 -512.000000 387.000000
1 -499.000000 385.000000
1 -490.000000 384.000000
1 -465.000000 384.000000
1 -456.000000 383.000000
1 -439.000000 383.000000
1 -422.000000 383.000000
1 -405.000000 384.000000
1 -388.000000 382.000000
1 -368.000000 381.000000
1 -347.000000 382.000000
1 -323.000000 384.000000
1 -302.000000 385.000000
1 -283.000000 385.000000
1 -245.000000 385.000000
1 -204.000000 384.000000
1 -191.000000 381.000000
1 580.000000 -8.000000
1 578.000000 -65.000000
1 577.000000 -84.000000
1 579.000000 -133.000000
1 580.000000 -159.000000
1 577.000000 -79.000000
1 582.000000 -33.000000
1 582.000000 -38.000000
1 575.000000 -87.000000
1 571.000000 -122.000000
1 571.000000 -143.000000
1 572.000000 -188.000000
1 570.000000 -226.000000
1 572.000000 -260.000000
1 574.000000 -280.000000
1 572.000000 -194.000000
1 583.000000 -206.000000
1 584.000000 -250.000000
1 581.000000 -269.000000
1 575.000000 -307.000000
1 572.000000 -347.000000
1 568.000000 -379.000000
1 570.000000 -387.000000
1 580.000000 -340.000000
1 576.000000 -387.000000
1 514.000000 -388.000000
1 467.000000 -385.000000
1 416.000000 -381.000000
1 333.000000 -377.000000
1 273.000000 -375.000000
1 378.000000 -376.000000
1 490.000000 -379.000000
1 547.000000 -378.000000
1 552.000000 -354.000000
1 544.000000 -350.000000
1 446.000000 -371.000000
1 375.000000 -371.000000
1 298.000000 -369.000000
1 218.000000 -367.000000
1 123.000000 -368.000000
1 89.000000 -369.000000
1 219.000000 -377.000000
1 291.000000 -378.000000
1 219.000000 -377.000000
1 138.000000 -375.000000
1 114.000000 -373.000000
1 167.000000 -371.000000
1 193.000000 -371.000000
1 174.000000 -376.000000
1 82.000000 -373.000000
1 14.000000 -377.000000
1 -7.000000 -374.000000
1 -15.000000 -371.000000
1 42.000000 -370.000000
1 52.000000 -370.000000
1 -574.000000 -28.000000
1 -573.000000 42.000000
1 -573.000000 63.000000
1 -578.000000 13.000000
1 -577.000000 -16.000000
1 -575.000000 -6.000000
1 -575.000000 74.000000
1 -580.000000 116.000000
1 -582.000000 139.000000
1 -580.000000 141.000000
1 -568.000000 88.000000
1 -568.000000 64.000000
120
1 14.000000 352.000000
1 57.000000 351.000000
1 121.000000 350.000000
1 163.000000 366.000000
1 199.000000 376.000000
1 255.000000 374.000000
1 315.000000 362.000000
1 378.000000 356.000000
1 420.000000 360.000000
1 465.000000 371.000000
1 516.000000 369.000000
1 548.000000 353.000000
1 568.000000 330.000000
1 580.000000 310.000000
1 586.000000 254.000000
1 585.000000 209.000000
1 586.000000 178.000000
1 586.000000 153.000000
1 583.000000 122.000000
1 578.000000 92.000000
1 581.000000 76.000000
1 584.000000 59.000000
1 577.000000 29.000000
1 576.000000 11.000000
1 515.000000 -346.000000
1 483.000000 -364.000000
1 436.000000 -369.000000
1 357.000000 -368.000000
1 261.000000 -363.000000
1 195.000000 -363.000000
1 87.000000 -361.000000
1 -24.000000 -361.000000
1 -88.000000 -361.000000
1 50.000000 -364.000000
1 177.000000 -368.000000
1 318.000000 -374.000000
1 440.000000 -372.000000
1 512.000000 -367.000000
1 390.000000 -373.000000
1 167.000000 -373.000000
1 36.000000 -359.000000
1 -34.000000 -351.000000
1 -62.000000 -356.000000
1 -59.000000 -374.000000
1 -213.000000 -369.000000
1 -146.000000 -370.000000
1 -99.000000 -368.000000
1 -145.000000 -361.000000
1 -214.000000 -364.000000
1 -253.000000 -361.000000
1 -149.000000 -364.000000
1 -130.000000 -363.000000
1 -179.000000 -370.000000
1 -206.000000 -368.000000
1 -324.000000 -362.000000
1 -386.000000 -358.000000
1 -463.000000 -356.000000
1 -415.000000 -367.000000
1 -280.000000 -367.000000
1 -261.000000 -364.000000
1 -341.000000 -369.000000
1 -367.000000 -370.000000
1 -439.000000 -368.000000
1 -454.000000 -367.000000
1 -407.000000 -344.000000
1 -258.000000 -381.000000
1 -110.000000 -391.000000
1 -73.000000 -387.000000
1 -200.000000 -392.000000
1 -289.000000 -391.000000
1 -365.000000 -388.000000
1 -419.000000 -385.000000
1 -471.000000 -380.000000
1 -492.000000 -377.000000
1 -507.000000 -378.000000
1 -541.000000 -381.000000
1 -566.000000 -379.000000
1 -576.000000 -370.000000
1 -565.000000 -329.000000
1 -541.000000 -334.000000
1 -560.000000 -366.000000
1 -579.000000 -323.000000
1 -580.000000 -273.000000
1 -568.000000 -262.000000
1 -566.000000 -300.000000
1 -582.000000 -272.000000
1 -585.000000 -204.000000
1 -571.000000 -178.000000
1 -563.000000 -204.000000
1 -577.000000 -257.000000
1 -582.000000 -227.000000
1 -576.000000 -178.000000
1 -572.000000 -216.000000
1 -569.000000 -229.000000
1 -565.000000 -160.000000
1 -575.000000 -116.000000
1 -574.000000 -79.000000
1 -569.000000 -61.000000
1 -567.000000 -107.000000
1 -567.000000 -153.000000
1 -565.000000 -43.000000
1 -567.000000 -30.000000
1 -561.000000 204.000000
1 -571.000000 162.000000
1 -566.000000 116.000000
1 -561.000000 99.000000
1 -577.000000 202.000000
1 -576.000000 224.000000
1 -569.000000 103.000000
1 -563.000000 -8.000000
1 -557.000000 -58.000000
1 -561.000000 218.000000
1 -561.000000 259.000000
1 -554.000000 273.000000
1 -543.000000 274.000000
1 -544.000000 290.000000
1 -509.000000 335.000000
1 -506.000000 339.000000
1 -549.000000 312.000000
1 -548.000000 309.000000
122
1 -581.000000 369.000000
1 -585.000000 344.000000
1 -585.000000 318.000000
1 -584.000000 295.000000
1 -583.000000 271.000000
1 -583.000000 252.000000
1 -578.000000 227.000000
1 -560.000000 346.000000
1 -535.000000 355.000000
1 -486.000000 361.000000
1 -434.000000 363.000000
1 -381.000000 362.000000
1 -303.000000 363.000000
1 -227.000000 366.000000
1 -171.000000 365.000000
1 -119.000000 368.000000
1 -104.000000 370.000000
1 -166.000000 381.000000
1 -180.000000 381.000000
1 -124.000000 385.000000
1 -110.000000 385.000000
1 -173.000000 381.000000
1 -161.000000 392.000000
1 -146.000000 389.000000
1 -142.000000 378.000000
1 -142.000000 368.000000
1 -242.000000 368.000000
1 -298.000000 368.000000
1 -62.000000 373.000000
1 -46.000000 376.000000
1 -68.000000 388.000000
1 -69.000000 367.000000
1 -7.000000 379.000000
1 0.000000 379.000000
1 40.000000 384.000000
1 67.000000 380.000000
1 77.000000 379.000000
1 103.000000 382.000000
1 129.000000 379.000000
1 162.000000 381.000000
1 197.000000 385.000000
1 230.000000 386.000000
1 269.000000 384.000000
1 311.000000 385.000000
1 340.000000 382.000000
1 348.000000 381.000000
1 243.000000 368.000000
1 285.000000 379.000000
1 296.000000 380.000000
1 386.000000 383.000000
1 413.000000 378.000000
1 443.000000 376.000000
1 479.000000 376.000000
1 519.000000 377.000000
1 541.000000 377.000000
1 555.000000 377.000000
1 583.000000 385.000000
1 590.000000 371.000000
1 591.000000 337.000000
1 586.000000 289.000000
1 585.000000 254.000000
1 586.000000 223.000000
1 586.000000 188.000000
1 586.000000 149.000000
1 586.000000 123.000000
1 594.000000 320.000000
1 589.000000 304.000000
1 -527.000000 298.000000
1 -546.000000 278.000000
1 -555.000000 240.000000
1 -569.000000 166.000000
1 -577.000000 107.000000
1 -568.000000 36.000000
1 -551.000000 -4.000000
1 -549.000000 84.000000
1 -552.000000 163.000000
1 -544.000000 140.000000
1 -542.000000 43.000000
1 -541.000000 30.000000
1 -566.000000 -139.000000
1 -556.000000 -209.000000
1 -539.000000 -194.000000
1 -543.000000 -52.000000
1 -541.000000 -12.000000
1 -538.000000 -123.000000
1 -534.000000 -164.000000
1 -524.000000 -186.000000
1 -550.000000 -234.000000
1 -540.000000 -309.000000
1 -527.000000 -355.000000
1 -519.000000 -321.000000
1 -530.000000 -270.000000
1 -466.000000 -343.000000
1 -353.000000 -348.000000
1 -202.000000 -351.000000
1 -69.000000 -345.000000
1 1.000000 -335.000000
1 -43.000000 -338.000000
1 -255.000000 -338.000000
1 -334.000000 -343.000000
1 -199.000000 -353.000000
1 -26.000000 -351.000000
1 29.000000 -349.000000
1 69.000000 -344.000000
1 91.000000 -334.000000
1 106.000000 -348.000000
1 243.000000 -359.000000
1 357.000000 -352.000000
1 447.000000 -341.000000
1 359.000000 -336.000000
1 183.000000 -339.000000
1 132.000000 -342.000000
1 346.000000 -357.000000
1 435.000000 -351.000000
1 454.000000 -348.000000
1 448.000000 -327.000000
1 505.000000 -338.000000
1 554.000000 -325.000000
1 572.000000 -264.000000
1 570.000000 -199.000000
1 540.000000 -282.000000
1 525.000000 -334.000000
46
2 -299.000000 182.000000
2 -267.000000 182.000000
2 -212.000000 187.000000
2 -181.000000 189.000000
2 -148.000000 190.000000
2 -110.000000 190.000000
2 -65.000000 190.000000
2 54.000000 194.000000
2 119.000000 196.000000
2 186.000000 195.000000
2 235.000000 195.000000
2 245.000000 195.000000
2 163.000000 198.000000
2 63.000000 191.000000
2 9.000000 190.000000
2 -16.000000 190.000000
2 -27.000000 190.000000
2 79.000000 190.000000
2 136.000000 190.000000
2 202.000000 188.000000
2 253.000000 188.000000
2 273.000000 190.000000
2 275.000000 190.000000
1 -288.000000 -146.000000
1 -279.000000 -147.000000
1 -238.000000 -146.000000
1 -217.000000 -146.000000
1 -182.000000 -146.000000
1 -138.000000 -147.000000
1 -116.000000 -147.000000
1 -62.000000 -146.000000
1 -3.000000 -142.000000
1 46.000000 -142.000000
1 102.000000 -140.000000
1 169.000000 -138.000000
1 233.000000 -135.000000
1 269.000000 -134.000000
1 284.000000 -135.000000
1 232.000000 -142.000000
1 132.000000 -144.000000
1 57.000000 -141.000000
1 -15.000000 -134.000000
1 -94.000000 -134.000000
1 -108.000000 -135.000000
1 6.000000 -145.000000
1 74.000000 -146.000000
2
1 200.000000 0.000000
2 -200.000000 0.000000
